1 19 4
2 4 4
3 14 23
4 13 1
5 28 29
6 18 8
7 3 6
1 19 4
8 29 19
2 4 4
3 14 23
9 22 14
4 13 1

5 28 29
6 18 8
7 3 6
8 29 19
9 22 14

1 19 4
2 4 4
3 14 23
4 13 1
5 28 29
6 18 8
7 3 6
8 29 19
9 22 14

1 19 4
2 4 4
3 14 23
4 13 1
5 28 29
6 18 8
7 3 6
8 29 19
9 22 14

1 19 4
2 4 4
3 14 23
4 13 1
5 28 29
6 18 8
7 3 6
8 29 19
9 22 14

1 19 4
2 4 4
3 14 23
4 13 1
5 29 28
6 18 8
7 3 6
8 28 20
9 23 13

1 19 4
2 4 4
3 14 23
4 13 1
5 29 28
6 18 8
7 3 6
8 28 20
9 23 13

1 19 4
2 4 4
3 14 23
4 13 1
5 29 28
6 18 8
7 3 6
8 28 20
9 23 13

1 19 4
2 3 4
3 13 22
4 13 0
5 28 29
6 18 8
7 3 6
8 28 20
9 23 13

1 19 4
2 3 4
3 13 22
4 13 0
5 28 29
6 18 8
7 3 6
8 28 20
9 23 13

1 19 4
2 3 4
3 13 22
4 13 0
5 28 29
6 18 8
7 3 6
8 28 20
9 23 13

1 19 4
2 3 4
3 13 22
4 13 0
5 28 29
6 18 8
7 3 6
8 28 20
9 23 13

